# BLASTP 2.7.1+
# Query: TreCel7A_CBM1
# Database: cbm_database/cel7_cbm
# Fields: query acc.ver, subject acc.ver, % identity, alignment length, mismatches, gap opens, q. start, q. end, s. start, s. end, evalue, bit score
# 474 hits found
TreCel7A_CBM1	API85495.1	100.000	37	0	0	1	37	350	386	5.14e-21	79.0
TreCel7A_CBM1	AGU68246.1	100.000	37	0	0	1	37	483	519	5.22e-21	79.0
TreCel7A_CBM1	P62694.1	100.000	37	0	0	1	37	477	513	5.36e-21	79.0
TreCel7A_CBM1	XP_006969224.1	100.000	37	0	0	1	37	478	514	5.69e-21	79.0
TreCel7A_CBM1	AGV05126.1	97.297	37	1	0	1	37	479	515	1.40e-20	77.8
TreCel7A_CBM1	AFP58843.1	97.297	37	1	0	1	37	461	497	1.62e-20	77.8
TreCel7A_CBM1	XP_024748275.1	94.595	37	2	0	1	37	478	514	2.91e-20	77.0
TreCel7A_CBM1	AER26900.1	94.595	37	2	0	1	37	461	497	3.45e-20	76.6
TreCel7A_CBM1	CAA37878.1	91.892	37	3	0	1	37	477	513	1.72e-19	74.7
TreCel7A_CBM1	AFD50192.1	91.892	37	3	0	1	37	478	514	2.13e-19	74.7
TreCel7A_CBM1	XP_013954979.1	91.892	37	3	0	1	37	469	505	4.47e-19	73.6
TreCel7A_CBM1	KIJ47863.1	89.189	37	4	0	1	37	492	528	4.22e-18	70.9
TreCel7A_CBM1	PPQ75293.1	86.111	36	5	0	2	37	493	528	6.00e-18	70.5
TreCel7A_CBM1	RFU76296.1	86.486	37	5	0	1	37	469	505	1.02e-17	69.7
TreCel7A_CBM1	prf||1003195A	96.970	33	1	0	5	37	458	490	2.13e-17	68.9
TreCel7A_CBM1	KIM97048.1	86.486	37	5	0	1	37	457	493	3.24e-17	68.6
TreCel7A_CBM1	XP_013944336.1	88.889	36	4	0	2	37	472	507	6.88e-17	67.4
TreCel7A_CBM1	RDB24361.1	83.333	36	6	0	2	37	485	520	8.28e-17	67.4
TreCel7A_CBM1	RDB20742.1	85.714	35	5	0	3	37	478	512	9.04e-17	67.0
TreCel7A_CBM1	XP_018656467.1	86.111	36	5	0	2	37	472	507	1.42e-16	66.6
TreCel7A_CBM1	RDB20782.1	86.111	36	5	0	2	37	478	513	1.83e-16	66.2
TreCel7A_CBM1	ADH04808.1	80.556	36	7	0	2	37	470	505	2.54e-16	65.9
TreCel7A_CBM1	KZV94040.1	80.556	36	7	0	2	37	486	521	2.64e-16	65.9
TreCel7A_CBM1	OPB45635.1	80.556	36	7	0	2	37	470	505	2.75e-16	65.9
TreCel7A_CBM1	AIK67329.1	80.556	36	7	0	2	37	511	546	2.89e-16	65.9
TreCel7A_CBM1	XP_024771708.1	80.556	36	7	0	2	37	470	505	3.58e-16	65.5
TreCel7A_CBM1	PNP59208.1	80.556	36	7	0	2	37	471	506	3.87e-16	65.5
TreCel7A_CBM1	ADN88316.1	83.333	36	6	0	2	37	493	528	4.70e-16	65.1
TreCel7A_CBM1	KEY83715.1	78.378	37	8	0	1	37	424	460	5.60e-16	64.7
TreCel7A_CBM1	EJD53248.1	78.378	37	8	0	1	37	478	514	5.95e-16	64.7
TreCel7A_CBM1	XP_024761559.1	86.111	36	5	0	2	37	472	507	6.12e-16	64.7
TreCel7A_CBM1	KIK52079.1	83.333	36	6	0	2	37	478	513	1.86e-15	63.5
TreCel7A_CBM1	CDJ79819.1	77.778	36	8	0	2	37	476	511	2.50e-15	63.2
TreCel7A_CBM1	KXN82743.1	75.000	36	9	0	2	37	477	512	3.69e-15	62.4
TreCel7A_CBM1	PPQ80913.1	77.778	36	8	0	2	37	308	343	3.95e-15	62.4
TreCel7A_CBM1	KIK70404.1	72.222	36	10	0	2	37	477	512	3.99e-15	62.4
TreCel7A_CBM1	RAO66627.1	81.081	37	7	0	1	37	455	491	4.11e-15	62.4
TreCel7A_CBM1	KIJ36208.1	77.778	36	8	0	2	37	492	527	4.95e-15	62.0
TreCel7A_CBM1	OOQ88667.1	77.143	35	8	0	3	37	448	482	5.10e-15	62.0
TreCel7A_CBM1	OCH90239.1	75.000	36	9	0	2	37	484	519	5.90e-15	62.0
TreCel7A_CBM1	XP_007391667.1	84.848	33	5	0	4	36	475	507	7.53e-15	61.6
TreCel7A_CBM1	KOS19511.1	80.556	36	7	0	2	37	507	542	7.60e-15	61.6
TreCel7A_CBM1	KJA25341.1	74.286	35	9	0	3	37	494	528	8.55e-15	61.6
TreCel7A_CBM1	XP_007384072.1	79.412	34	7	0	4	37	466	499	9.90e-15	61.2
TreCel7A_CBM1	KDR74810.1	78.788	33	7	0	5	37	482	514	1.07e-14	61.2
TreCel7A_CBM1	EPS36457.1	71.429	35	10	0	3	37	465	499	1.08e-14	61.2
TreCel7A_CBM1	Q8WZJ4.1	76.471	34	8	0	4	37	496	529	1.10e-14	61.2
TreCel7A_CBM1	CBX74419.1	76.471	34	8	0	4	37	490	523	1.19e-14	61.2
TreCel7A_CBM1	KUL83176.1	76.471	34	8	0	4	37	496	529	1.20e-14	61.2
TreCel7A_CBM1	EMD37785.1	75.000	36	9	0	2	37	488	523	1.21e-14	61.2
TreCel7A_CBM1	XP_002484839.1	79.412	34	7	0	4	37	493	526	1.25e-14	60.8
TreCel7A_CBM1	CEJ57932.1	74.286	35	9	0	3	37	448	482	1.28e-14	60.8
TreCel7A_CBM1	PPQ91089.1	77.778	36	8	0	2	37	479	514	1.41e-14	60.8
TreCel7A_CBM1	OQO03793.1	78.378	37	8	0	1	37	493	529	1.54e-14	60.8
TreCel7A_CBM1	PPQ99255.1	72.973	37	10	0	1	37	482	518	1.57e-14	60.8
TreCel7A_CBM1	AEG74551.1	80.000	35	7	0	3	37	461	495	1.57e-14	60.8
TreCel7A_CBM1	XP_007396985.1	81.818	33	6	0	4	36	452	484	1.73e-14	60.5
TreCel7A_CBM1	KIK57628.1	72.222	36	10	0	2	37	481	516	1.89e-14	60.5
TreCel7A_CBM1	XP_007384596.1	76.471	34	8	0	4	37	476	509	2.32e-14	60.1
TreCel7A_CBM1	OQN98347.1	75.676	37	9	0	1	37	493	529	3.56e-14	59.7
TreCel7A_CBM1	RAO70501.1	79.412	34	7	0	4	37	502	535	3.63e-14	59.7
TreCel7A_CBM1	PPQ86175.1	75.000	36	9	0	2	37	492	527	3.96e-14	59.7
TreCel7A_CBM1	XP_011128405.1	75.758	33	8	0	5	37	536	568	4.00e-14	59.7
TreCel7A_CBM1	KDQ08314.1	78.788	33	7	0	5	37	484	516	4.54e-14	59.3
TreCel7A_CBM1	AIO10971.1	72.222	36	10	0	2	37	498	533	4.63e-14	59.3
TreCel7A_CBM1	PCH04144.1	80.000	35	7	0	3	37	461	495	5.01e-14	59.3
TreCel7A_CBM1	OKP11847.1	75.758	33	8	0	5	37	449	481	5.37e-14	59.3
TreCel7A_CBM1	GAM33347.1	75.758	33	8	0	5	37	497	529	5.69e-14	59.3
TreCel7A_CBM1	XP_007388187.1	76.471	34	8	0	4	37	472	505	6.85e-14	58.9
TreCel7A_CBM1	RLL95915.1	72.973	37	10	0	1	37	420	456	7.06e-14	58.9
TreCel7A_CBM1	EJD53243.1	75.676	37	8	1	2	37	485	521	7.33e-14	58.9
TreCel7A_CBM1	RHZ56946.1	72.973	37	10	0	1	37	424	460	7.41e-14	58.9
TreCel7A_CBM1	XP_002149324.1	73.529	34	9	0	4	37	503	536	7.92e-14	58.9
TreCel7A_CBM1	XP_018073185.1	70.270	37	11	0	1	37	428	464	9.75e-14	58.5
TreCel7A_CBM1	KIK52078.1	75.000	36	9	0	2	37	478	513	1.05e-13	58.5
TreCel7A_CBM1	XP_018148593.1	72.222	36	10	0	2	37	474	509	1.20e-13	58.2
TreCel7A_CBM1	KKA26295.1	72.727	33	9	0	5	37	497	529	1.23e-13	58.2
TreCel7A_CBM1	KIJ67443.1	72.222	36	10	0	2	37	483	518	1.29e-13	58.2
TreCel7A_CBM1	PMD22162.1	75.000	36	9	0	2	37	499	534	1.47e-13	58.2
TreCel7A_CBM1	KDQ16044.1	75.758	33	8	0	5	37	484	516	1.57e-13	57.8
TreCel7A_CBM1	OCH88340.1	71.429	35	10	0	3	37	486	520	1.72e-13	57.8
TreCel7A_CBM1	AUS45853.1	67.568	37	12	0	1	37	442	478	1.72e-13	57.8
TreCel7A_CBM1	XP_751044.1	78.788	33	7	0	5	37	500	532	1.93e-13	57.8
TreCel7A_CBM1	EMD41378.1	72.222	36	10	0	2	37	548	583	2.25e-13	57.4
TreCel7A_CBM1	KIP07351.1	78.788	33	7	0	4	36	477	509	2.39e-13	57.4
TreCel7A_CBM1	KDR74837.1	71.429	35	10	0	3	37	490	524	2.72e-13	57.4
TreCel7A_CBM1	AGU68559.1	70.270	37	11	0	1	37	424	460	2.75e-13	57.4
TreCel7A_CBM1	KNZ74328.1	72.222	36	10	0	2	37	477	512	3.18e-13	57.0
TreCel7A_CBM1	KLO10251.1	69.444	36	11	0	2	37	486	521	3.37e-13	57.0
TreCel7A_CBM1	KJA25342.1	71.429	35	10	0	3	37	495	529	3.43e-13	57.0
TreCel7A_CBM1	KLO11714.1	77.143	35	8	0	3	37	485	519	3.47e-13	57.0
TreCel7A_CBM1	KFY21962.1	67.568	37	12	0	1	37	484	520	3.50e-13	57.0
TreCel7A_CBM1	AFH78149.1	69.444	36	11	0	2	37	479	514	4.47e-13	56.6
TreCel7A_CBM1	CZR58529.1	66.667	36	12	0	2	37	453	488	6.00e-13	56.2
TreCel7A_CBM1	OIW30456.1	64.865	37	13	0	1	37	423	459	6.31e-13	56.2
TreCel7A_CBM1	XP_003653508.1	69.444	36	11	0	2	37	491	526	6.36e-13	56.2
TreCel7A_CBM1	PPR00364.1	66.667	36	12	0	2	37	486	521	6.61e-13	56.2
TreCel7A_CBM1	KDR74808.1	72.727	33	9	0	5	37	482	514	6.81e-13	56.2
TreCel7A_CBM1	GAW07236.1	75.000	36	9	0	2	37	485	520	6.87e-13	56.2
TreCel7A_CBM1	KZP26727.1	69.444	36	11	0	2	37	459	494	7.22e-13	55.8
TreCel7A_CBM1	KDR74807.1	69.444	36	11	0	2	37	483	518	7.43e-13	55.8
TreCel7A_CBM1	KZP26731.1	69.444	36	11	0	2	37	480	515	7.58e-13	55.8
TreCel7A_CBM1	KZP14046.1	72.973	37	9	1	1	37	442	477	7.66e-13	55.8
TreCel7A_CBM1	KZP08603.1	69.444	36	11	0	2	37	384	419	7.67e-13	55.8
TreCel7A_CBM1	PPR00362.1	66.667	36	12	0	2	37	532	567	7.80e-13	55.8
TreCel7A_CBM1	XP_002477827.1	75.000	36	9	0	2	37	440	475	7.89e-13	55.8
TreCel7A_CBM1	GAO88279.1	78.788	33	7	0	5	37	501	533	8.36e-13	55.8
TreCel7A_CBM1	GAO84310.1	67.568	37	12	0	1	37	424	460	9.14e-13	55.8
TreCel7A_CBM1	BAA76365.1	68.571	35	11	0	2	36	491	525	9.49e-13	55.8
TreCel7A_CBM1	RLL93246.1	75.758	33	8	0	5	37	496	528	9.68e-13	55.8
TreCel7A_CBM1	KUL87051.1	77.143	35	8	0	3	37	461	495	9.69e-13	55.8
TreCel7A_CBM1	KFX42352.1	71.429	35	10	0	3	37	463	497	9.88e-13	55.5
TreCel7A_CBM1	KZV87842.1	64.865	37	12	1	2	37	321	357	1.07e-12	55.5
TreCel7A_CBM1	KDQ60879.1	70.270	37	10	1	2	37	486	522	1.09e-12	55.5
TreCel7A_CBM1	RKU42608.1	64.865	37	13	0	1	37	450	486	1.25e-12	55.5
TreCel7A_CBM1	KZV94032.1	70.270	37	10	1	2	37	483	519	1.29e-12	55.5
TreCel7A_CBM1	KZV84994.1	64.865	37	12	1	2	37	486	522	1.30e-12	55.5
TreCel7A_CBM1	EJD47743.1	64.865	37	12	1	2	37	494	530	1.35e-12	55.1
TreCel7A_CBM1	XP_007307222.1	68.571	35	11	0	3	37	480	514	1.46e-12	55.1
TreCel7A_CBM1	AEC03713.1	72.727	33	9	0	5	37	445	477	1.53e-12	55.1
TreCel7A_CBM1	EPS32968.1	75.000	32	8	0	6	37	443	474	1.68e-12	55.1
TreCel7A_CBM1	BAA76363.1	68.571	35	11	0	2	36	482	516	1.71e-12	55.1
TreCel7A_CBM1	RPB22498.1	81.250	32	5	1	6	37	512	542	1.84e-12	54.7
TreCel7A_CBM1	KIO25536.1	75.000	36	9	0	2	37	327	362	1.89e-12	54.7
TreCel7A_CBM1	RJE23952.1	72.727	33	9	0	5	37	495	527	1.92e-12	54.7
TreCel7A_CBM1	RPA85863.1	69.697	33	10	0	5	37	509	541	2.38e-12	54.7
TreCel7A_CBM1	KIO32104.1	72.222	36	10	0	2	37	505	540	2.38e-12	54.7
TreCel7A_CBM1	KIM94065.1	69.444	36	11	0	2	37	483	518	2.55e-12	54.3
TreCel7A_CBM1	KDQ16754.1	65.714	35	12	0	3	37	519	553	2.70e-12	54.3
TreCel7A_CBM1	KZV65465.1	66.667	33	11	0	5	37	490	522	3.22e-12	54.3
TreCel7A_CBM1	XP_018661465.1	72.222	36	10	0	2	37	435	470	3.26e-12	54.3
TreCel7A_CBM1	EJD55681.1	64.865	37	12	1	2	37	483	519	3.29e-12	54.3
TreCel7A_CBM1	KZP29337.1	66.667	36	12	0	2	37	477	512	3.52e-12	53.9
TreCel7A_CBM1	XP_026615684.1	75.758	33	8	0	5	37	506	538	3.59e-12	53.9
TreCel7A_CBM1	RMJ22283.1	62.162	37	14	0	1	37	312	348	3.74e-12	53.9
TreCel7A_CBM1	CAA80252.1	78.125	32	7	0	5	36	479	510	3.81e-12	53.9
TreCel7A_CBM1	AAK95563.1	69.444	36	11	0	2	37	481	516	4.08e-12	53.9
TreCel7A_CBM1	XP_007400937.1	71.875	32	9	0	5	36	479	510	4.72e-12	53.5
TreCel7A_CBM1	XP_026614649.1	68.571	35	11	0	3	37	440	474	4.73e-12	53.5
TreCel7A_CBM1	KZP29345.1	68.571	35	11	0	3	37	480	514	4.77e-12	53.5
TreCel7A_CBM1	GAW10594.1	69.444	36	11	0	2	37	546	581	4.95e-12	53.5
TreCel7A_CBM1	OCL10685.1	70.588	34	10	0	4	37	485	518	5.05e-12	53.5
TreCel7A_CBM1	CZR56432.1	67.647	34	11	0	4	37	500	533	5.15e-12	53.5
TreCel7A_CBM1	XP_001257357.1	66.667	36	12	0	2	37	434	469	5.26e-12	53.5
TreCel7A_CBM1	ORY68870.1	69.697	33	10	0	5	37	488	520	5.80e-12	53.5
TreCel7A_CBM1	KZS88000.1	69.444	36	10	1	2	37	521	555	6.08e-12	53.5
TreCel7A_CBM1	GAQ03870.1	66.667	36	12	0	2	37	436	471	6.46e-12	53.1
TreCel7A_CBM1	XP_001258278.1	72.727	33	9	0	5	37	498	530	6.52e-12	53.1
TreCel7A_CBM1	XP_024684773.1	66.667	36	12	0	2	37	437	472	6.53e-12	53.1
TreCel7A_CBM1	KZT33759.1	69.444	36	10	1	2	37	520	554	6.77e-12	53.1
TreCel7A_CBM1	XP_024769765.1	66.667	36	12	0	2	37	436	471	7.13e-12	53.1
TreCel7A_CBM1	XP_026610175.1	69.697	33	10	0	5	37	503	535	7.26e-12	53.1
TreCel7A_CBM1	KKK15988.1	63.889	36	13	0	2	37	442	477	7.63e-12	53.1
TreCel7A_CBM1	AEL78900.1	70.588	34	10	0	4	37	496	529	8.08e-12	53.1
TreCel7A_CBM1	AAB46373.1	75.000	32	8	0	5	36	484	515	8.57e-12	53.1
TreCel7A_CBM1	KDQ13783.1	66.667	36	12	0	2	37	485	520	9.00e-12	52.8
TreCel7A_CBM1	PTU19722.1	63.889	36	13	0	2	37	458	493	9.19e-12	52.8
TreCel7A_CBM1	AAX28897.1	75.758	33	8	0	5	37	427	459	9.28e-12	52.8
TreCel7A_CBM1	AMP44569.1	75.758	33	8	0	5	37	405	437	9.29e-12	52.8
TreCel7A_CBM1	OBT85124.1	61.111	36	14	0	2	37	482	517	9.73e-12	52.8
TreCel7A_CBM1	XP_018034582.1	64.865	37	13	0	1	37	445	481	9.74e-12	52.8
TreCel7A_CBM1	AAW64926.1	66.667	36	12	0	2	37	495	530	1.01e-11	52.8
TreCel7A_CBM1	XP_003663441.1	62.162	37	14	0	1	37	428	464	1.01e-11	52.8
TreCel7A_CBM1	GAT45916.1	75.000	32	8	0	6	37	489	520	1.04e-11	52.8
TreCel7A_CBM1	AAT84320.1	66.667	36	12	0	2	37	470	505	1.04e-11	52.8
TreCel7A_CBM1	AGY80096.1	66.667	36	12	0	2	37	477	512	1.11e-11	52.8
TreCel7A_CBM1	RFU24712.1	72.727	33	9	0	5	37	509	541	1.13e-11	52.8
TreCel7A_CBM1	CUA77192.1	69.697	33	10	0	5	37	485	517	1.14e-11	52.8
TreCel7A_CBM1	PNH44921.1	66.667	33	11	0	5	37	494	526	1.32e-11	52.4
TreCel7A_CBM1	AGV05125.1	69.697	33	10	0	5	37	491	523	1.33e-11	52.4
TreCel7A_CBM1	KIO22127.1	64.865	37	13	0	1	37	499	535	1.40e-11	52.4
TreCel7A_CBM1	KKP04531.1	63.889	36	13	0	2	37	436	471	1.40e-11	52.4
TreCel7A_CBM1	PNH75077.1	66.667	33	11	0	5	37	494	526	1.41e-11	52.4
TreCel7A_CBM1	KFY17701.1	63.636	33	12	0	5	37	483	515	1.41e-11	52.4
TreCel7A_CBM1	PNH54421.1	66.667	33	11	0	5	37	501	533	1.43e-11	52.4
TreCel7A_CBM1	KFY36257.1	63.636	33	12	0	5	37	483	515	1.45e-11	52.4
TreCel7A_CBM1	CAM98445.1	62.162	37	14	0	1	37	487	523	1.47e-11	52.4
TreCel7A_CBM1	XP_024678753.1	72.727	33	9	0	5	37	499	531	1.50e-11	52.4
TreCel7A_CBM1	CAM98448.1	66.667	36	12	0	2	37	497	532	1.51e-11	52.4
TreCel7A_CBM1	XP_009849826.1	64.706	34	12	0	4	37	626	659	1.55e-11	52.4
TreCel7A_CBM1	AEL78901.1	72.727	33	9	0	5	37	508	540	1.60e-11	52.4
TreCel7A_CBM1	XP_003653757.1	66.667	33	11	0	5	37	432	464	1.62e-11	52.4
TreCel7A_CBM1	XP_006463825.1	56.757	37	16	0	1	37	470	506	1.64e-11	52.4
TreCel7A_CBM1	PQE21522.1	63.889	36	13	0	2	37	522	557	1.65e-11	52.0
TreCel7A_CBM1	KIJ37522.1	61.111	36	14	0	2	37	486	521	1.67e-11	52.0
TreCel7A_CBM1	CRK24563.1	62.162	37	14	0	1	37	677	713	1.69e-11	52.0
TreCel7A_CBM1	CDF76456.1	69.697	33	10	0	5	37	505	537	1.75e-11	52.0
TreCel7A_CBM1	GAO86104.1	72.727	33	9	0	5	37	503	535	1.78e-11	52.0
TreCel7A_CBM1	XP_001217291.1	65.714	35	12	0	3	37	437	471	1.91e-11	52.0
TreCel7A_CBM1	CRK11086.1	62.162	37	14	0	1	37	481	517	1.97e-11	52.0
TreCel7A_CBM1	XP_024683778.1	69.697	33	10	0	5	37	480	512	1.97e-11	52.0
TreCel7A_CBM1	PQE19578.1	73.529	34	8	1	4	37	493	525	1.99e-11	52.0
TreCel7A_CBM1	GAQ03001.1	69.697	33	10	0	5	37	498	530	2.01e-11	52.0
TreCel7A_CBM1	RNJ57945.1	62.162	37	14	0	1	37	489	525	2.01e-11	52.0
TreCel7A_CBM1	WP_085741118.1	64.706	34	12	0	4	37	488	521	2.07e-11	52.0
TreCel7A_CBM1	XP_024749210.1	72.727	33	9	0	5	37	415	447	2.11e-11	52.0
TreCel7A_CBM1	PQE27625.1	73.529	34	8	1	4	37	493	525	2.13e-11	52.0
TreCel7A_CBM1	XP_003347627.1	64.706	34	12	0	4	37	489	522	2.13e-11	52.0
TreCel7A_CBM1	AAT64006.1	60.000	35	14	0	3	37	478	512	2.21e-11	52.0
TreCel7A_CBM1	GAQ12141.1	72.727	33	9	0	5	37	499	531	2.24e-11	52.0
TreCel7A_CBM1	ORY11399.1	65.714	35	12	0	2	36	494	528	2.30e-11	51.6
TreCel7A_CBM1	XP_003007044.1	62.162	37	14	0	1	37	422	458	2.31e-11	51.6
TreCel7A_CBM1	AEL78899.1	71.429	35	10	0	3	37	461	495	2.37e-11	51.6
TreCel7A_CBM1	KFY51671.1	63.889	36	13	0	2	37	495	530	2.56e-11	51.6
TreCel7A_CBM1	BAJ07534.1	65.714	35	11	1	3	36	475	509	2.59e-11	51.6
TreCel7A_CBM1	XP_007333581.1	56.757	37	16	0	1	37	470	506	2.67e-11	51.6
TreCel7A_CBM1	PQE23689.1	66.667	36	12	0	2	37	458	493	2.67e-11	51.6
TreCel7A_CBM1	XP_001555330.1	69.697	33	10	0	4	36	483	515	2.75e-11	51.6
TreCel7A_CBM1	XP_016645836.1	64.706	34	12	0	4	37	483	516	2.83e-11	51.6
TreCel7A_CBM1	KXG52935.1	69.697	33	10	0	5	37	503	535	2.86e-11	51.6
TreCel7A_CBM1	CAK18800.1	66.667	33	11	0	5	37	491	523	2.94e-11	51.6
TreCel7A_CBM1	XP_007401163.1	75.000	32	8	0	5	36	475	506	3.12e-11	51.2
TreCel7A_CBM1	KDQ11533.1	62.857	35	13	0	3	37	479	513	3.15e-11	51.2
TreCel7A_CBM1	KIP10054.1	68.571	35	11	0	2	36	476	510	3.44e-11	51.2
TreCel7A_CBM1	Q12714.1	72.727	33	9	0	5	37	431	463	3.87e-11	51.2
TreCel7A_CBM1	KFX96390.1	58.333	36	15	0	2	37	483	518	3.91e-11	51.2
TreCel7A_CBM1	KFY52868.1	60.606	33	13	0	5	37	484	516	3.91e-11	51.2
TreCel7A_CBM1	AFD50194.1	72.727	33	9	0	5	37	429	461	3.95e-11	51.2
TreCel7A_CBM1	OBT67170.1	60.606	33	13	0	5	37	485	517	4.31e-11	50.8
TreCel7A_CBM1	CUA70548.1	72.727	33	9	0	5	37	476	508	4.80e-11	50.8
TreCel7A_CBM1	XP_022469567.1	63.889	36	13	0	2	37	488	523	4.89e-11	50.8
TreCel7A_CBM1	PMD48935.1	69.697	33	10	0	5	37	512	544	5.55e-11	50.8
TreCel7A_CBM1	KDQ27097.1	66.667	33	11	0	5	37	491	523	5.67e-11	50.8
TreCel7A_CBM1	OQO30258.1	64.706	34	12	0	4	37	505	538	5.78e-11	50.4
TreCel7A_CBM1	KFY87242.1	60.606	33	13	0	5	37	484	516	5.95e-11	50.4
TreCel7A_CBM1	XP_018125963.1	62.162	37	14	0	1	37	467	503	6.38e-11	50.4
TreCel7A_CBM1	KKY39577.1	65.714	35	12	0	3	37	474	508	6.50e-11	50.4
TreCel7A_CBM1	KZS96647.1	63.889	36	12	1	2	37	518	552	6.56e-11	50.4
TreCel7A_CBM1	KKF96734.1	63.636	33	12	0	5	37	535	567	6.69e-11	50.4
TreCel7A_CBM1	AAW68437.2	66.667	33	11	0	5	37	508	540	6.69e-11	50.4
TreCel7A_CBM1	AGU16948.1	74.194	31	8	0	7	37	389	419	6.71e-11	50.4
TreCel7A_CBM1	XP_007914324.1	69.697	33	10	0	5	37	537	569	7.16e-11	50.4
TreCel7A_CBM1	XP_018071924.1	61.765	34	13	0	4	37	496	529	7.31e-11	50.4
TreCel7A_CBM1	KXH31776.1	61.111	36	14	0	2	37	496	531	7.53e-11	50.4
TreCel7A_CBM1	AFJ54161.1	72.727	33	9	0	5	37	429	461	8.23e-11	50.1
TreCel7A_CBM1	AUS45864.1	64.706	34	12	0	4	37	492	525	8.46e-11	50.1
TreCel7A_CBM1	BAD16575.1	69.697	33	10	0	4	36	488	520	8.63e-11	50.1
TreCel7A_CBM1	EXF78223.1	61.111	36	14	0	2	37	479	514	8.63e-11	50.1
TreCel7A_CBM1	AKI32221.1	66.667	33	11	0	5	37	511	543	1.02e-10	50.1
TreCel7A_CBM1	OBT78768.1	55.556	36	16	0	2	37	492	527	1.02e-10	50.1
TreCel7A_CBM1	XP_009656415.1	59.459	37	15	0	1	37	480	516	1.02e-10	50.1
TreCel7A_CBM1	RBQ85240.1	59.459	37	15	0	1	37	471	507	1.03e-10	50.1
TreCel7A_CBM1	AEC03714.1	72.727	33	9	0	5	37	429	461	1.07e-10	50.1
TreCel7A_CBM1	OBT55658.1	59.459	37	15	0	1	37	435	471	1.08e-10	49.7
TreCel7A_CBM1	OBZ74435.1	65.714	35	12	0	2	36	481	515	1.10e-10	49.7
TreCel7A_CBM1	KXN91647.1	70.000	30	9	0	3	32	271	300	1.16e-10	49.7
TreCel7A_CBM1	OBT72511.1	59.459	37	15	0	1	37	435	471	1.16e-10	49.7
TreCel7A_CBM1	KFY49647.1	57.576	33	14	0	5	37	481	513	1.17e-10	49.7
TreCel7A_CBM1	PVF92348.1	65.714	35	11	1	3	37	501	534	1.19e-10	49.7
TreCel7A_CBM1	KDQ27082.1	63.636	33	12	0	5	37	491	523	1.30e-10	49.7
TreCel7A_CBM1	AGU16949.1	82.143	28	5	0	10	37	513	540	1.39e-10	49.7
TreCel7A_CBM1	XP_001214180.1	63.636	33	12	0	5	37	509	541	1.48e-10	49.3
TreCel7A_CBM1	PYH99051.1	71.875	32	9	0	6	37	508	539	1.52e-10	49.3
TreCel7A_CBM1	PPQ73410.1	75.000	28	7	0	10	37	309	336	1.65e-10	49.3
TreCel7A_CBM1	CCO32610.1	69.697	33	10	0	5	37	476	508	1.77e-10	49.3
TreCel7A_CBM1	XP_025429508.1	66.667	33	11	0	5	37	507	539	1.80e-10	49.3
TreCel7A_CBM1	XP_022582518.1	67.647	34	11	0	4	37	536	569	1.81e-10	49.3
TreCel7A_CBM1	RNJ58757.1	60.606	33	13	0	5	37	511	543	1.85e-10	49.3
TreCel7A_CBM1	RDW71739.1	66.667	33	11	0	5	37	494	526	1.85e-10	49.3
TreCel7A_CBM1	XP_003660789.1	66.667	33	11	0	5	37	494	526	1.87e-10	49.3
TreCel7A_CBM1	PNH45221.1	60.606	33	13	0	5	37	510	542	1.93e-10	49.3
TreCel7A_CBM1	CCO37654.1	75.000	32	7	1	6	37	480	510	1.95e-10	49.3
TreCel7A_CBM1	PNH75385.1	60.606	33	13	0	5	37	510	542	1.96e-10	49.3
TreCel7A_CBM1	KIO29104.1	65.714	35	12	0	3	37	497	531	2.02e-10	48.9
TreCel7A_CBM1	RGP70583.1	60.000	35	14	0	2	36	476	510	2.04e-10	48.9
TreCel7A_CBM1	KEP49583.1	67.647	34	11	0	4	37	474	507	2.04e-10	48.9
TreCel7A_CBM1	XP_658098.1	63.636	33	12	0	5	37	494	526	2.06e-10	48.9
TreCel7A_CBM1	KZT38150.1	72.727	33	8	1	5	37	482	513	2.06e-10	48.9
TreCel7A_CBM1	CCO34556.1	75.000	32	7	1	6	37	345	375	2.07e-10	48.9
TreCel7A_CBM1	KZS87494.1	72.727	33	8	1	5	37	509	540	2.08e-10	48.9
TreCel7A_CBM1	EUC59275.1	67.647	34	11	0	4	37	491	524	2.08e-10	48.9
TreCel7A_CBM1	ADR78837.1	62.857	35	13	0	3	37	437	471	2.19e-10	48.9
TreCel7A_CBM1	PCD18446.1	60.000	35	14	0	2	36	553	587	2.23e-10	48.9
TreCel7A_CBM1	OBT58475.1	55.556	36	16	0	2	37	511	546	2.32e-10	48.9
TreCel7A_CBM1	PTD13216.1	60.000	35	14	0	2	36	477	511	2.32e-10	48.9
TreCel7A_CBM1	XP_009254532.1	60.000	35	14	0	2	36	477	511	2.32e-10	48.9
TreCel7A_CBM1	ELU36802.1	69.697	33	10	0	5	37	541	573	2.36e-10	48.9
TreCel7A_CBM1	KDQ27452.1	61.111	36	14	0	2	37	329	364	2.37e-10	48.9
TreCel7A_CBM1	KDQ59063.1	64.865	37	12	1	2	37	470	506	2.46e-10	48.9
TreCel7A_CBM1	KIP04535.1	66.667	33	11	0	4	36	477	509	2.59e-10	48.9
TreCel7A_CBM1	KDQ27075.1	63.636	33	12	0	5	37	491	523	2.64e-10	48.9
TreCel7A_CBM1	KXH59751.1	61.111	36	14	0	2	37	479	514	2.77e-10	48.5
TreCel7A_CBM1	CAK18798.1	65.625	32	11	0	6	37	492	523	3.11e-10	48.5
TreCel7A_CBM1	OIW31667.1	61.765	34	13	0	4	37	494	527	3.37e-10	48.5
TreCel7A_CBM1	BAA76364.1	62.500	40	11	1	1	36	483	522	3.47e-10	48.5
TreCel7A_CBM1	KDQ27077.1	66.667	33	10	1	5	37	489	520	3.61e-10	48.5
TreCel7A_CBM1	XP_024697958.1	61.765	34	13	0	4	37	493	526	4.10e-10	48.1
TreCel7A_CBM1	PSS05283.1	71.875	32	9	0	6	37	485	516	4.10e-10	48.1
TreCel7A_CBM1	EUC56251.1	69.697	33	10	0	5	37	485	517	4.10e-10	48.1
TreCel7A_CBM1	KZV75433.1	66.667	33	11	0	4	36	478	510	4.10e-10	48.1
TreCel7A_CBM1	XP_001261835.1	66.667	33	11	0	5	37	503	535	4.18e-10	48.1
TreCel7A_CBM1	PPQ77938.1	60.000	35	14	0	3	37	488	522	4.18e-10	48.1
TreCel7A_CBM1	KDR74830.1	57.143	35	15	0	3	37	479	513	4.39e-10	48.1
TreCel7A_CBM1	OBZ73447.1	63.636	33	12	0	4	36	578	610	4.47e-10	48.1
TreCel7A_CBM1	PVF94991.1	62.857	35	12	1	3	37	500	533	4.47e-10	48.1
TreCel7A_CBM1	XP_026626314.1	68.750	32	10	0	6	37	505	536	4.52e-10	48.1
TreCel7A_CBM1	EUC58347.1	75.000	32	7	1	6	37	480	510	4.61e-10	48.1
TreCel7A_CBM1	EHA26941.1	68.750	32	10	0	6	37	462	493	4.61e-10	48.1
TreCel7A_CBM1	KFZ00907.1	62.857	35	13	0	3	37	469	503	4.70e-10	48.1
TreCel7A_CBM1	XP_025518099.1	68.750	32	10	0	6	37	505	536	4.93e-10	48.1
TreCel7A_CBM1	XP_025568883.1	68.750	32	10	0	6	37	505	536	5.13e-10	48.1
TreCel7A_CBM1	KPA46776.1	57.143	35	15	0	2	36	479	513	5.13e-10	48.1
TreCel7A_CBM1	XP_025392582.1	68.750	32	10	0	6	37	505	536	5.50e-10	47.8
TreCel7A_CBM1	GAA87307.1	68.750	32	10	0	6	37	505	536	5.60e-10	47.8
TreCel7A_CBM1	KFY71392.1	55.556	36	16	0	2	37	482	517	6.43e-10	47.8
TreCel7A_CBM1	CUA75811.1	63.636	33	12	0	5	37	476	508	6.96e-10	47.8
TreCel7A_CBM1	GAP87383.2	60.000	35	14	0	3	37	322	356	6.98e-10	47.8
TreCel7A_CBM1	CUA76416.1	63.636	33	12	0	5	37	476	508	7.23e-10	47.4
TreCel7A_CBM1	CRK28675.1	57.576	33	14	0	5	37	586	618	7.36e-10	47.4
TreCel7A_CBM1	XP_025398863.1	68.750	32	10	0	6	37	512	543	7.37e-10	47.4
TreCel7A_CBM1	CCA72657.1	59.459	37	14	1	1	37	509	544	7.59e-10	47.4
TreCel7A_CBM1	KIO30425.1	61.111	36	14	0	2	37	493	528	7.90e-10	47.4
TreCel7A_CBM1	XP_025547369.1	60.606	33	13	0	5	37	501	533	8.38e-10	47.4
TreCel7A_CBM1	EUC59442.1	66.667	33	11	0	5	37	483	515	9.42e-10	47.4
TreCel7A_CBM1	AGV05132.1	63.636	33	12	0	5	37	497	529	9.51e-10	47.4
TreCel7A_CBM1	AEO17039.1	69.697	33	10	0	5	37	427	459	1.00e-09	47.0
TreCel7A_CBM1	KKO99004.1	80.556	36	7	0	2	37	469	504	1.02e-09	47.0
TreCel7A_CBM1	RDW66483.1	60.606	33	13	0	5	37	502	534	1.08e-09	47.0
TreCel7A_CBM1	ELU39808.1	63.889	36	13	0	2	37	485	520	1.10e-09	47.0
TreCel7A_CBM1	AFD01232.1	80.556	36	7	0	2	37	453	488	1.12e-09	47.0
TreCel7A_CBM1	KDQ28955.1	55.556	36	16	0	2	37	486	521	1.17e-09	47.0
TreCel7A_CBM1	KDQ28942.1	55.556	36	16	0	2	37	476	511	1.17e-09	47.0
TreCel7A_CBM1	XP_001268257.1	68.750	32	10	0	6	37	508	539	1.24e-09	47.0
TreCel7A_CBM1	XP_024740423.1	66.667	33	11	0	5	37	498	530	1.26e-09	47.0
TreCel7A_CBM1	RMJ19031.1	65.625	32	11	0	5	36	474	505	1.28e-09	47.0
TreCel7A_CBM1	XP_003054277.1	65.625	32	11	0	5	36	476	507	1.32e-09	47.0
TreCel7A_CBM1	OQE02994.1	60.606	33	13	0	5	37	505	537	1.35e-09	46.6
TreCel7A_CBM1	RBA16240.1	60.000	35	14	0	2	36	479	513	1.37e-09	46.6
TreCel7A_CBM1	AEL22122.1	61.765	34	13	0	2	35	471	504	1.40e-09	46.6
TreCel7A_CBM1	PKS11794.1	58.824	34	14	0	4	37	483	516	1.42e-09	46.6
TreCel7A_CBM1	CEL05758.1	60.606	33	13	0	5	37	493	525	1.48e-09	46.6
TreCel7A_CBM1	GAT55931.1	61.111	36	14	0	2	37	437	472	1.60e-09	46.6
TreCel7A_CBM1	RKU48744.1	58.824	34	14	0	4	37	497	530	1.62e-09	46.6
TreCel7A_CBM1	XP_020055541.1	71.875	32	8	1	6	37	519	549	1.66e-09	46.6
TreCel7A_CBM1	XP_025533339.1	71.875	32	8	1	6	37	510	540	1.82e-09	46.2
TreCel7A_CBM1	PVF92312.1	62.857	35	12	1	3	37	504	537	1.83e-09	46.2
TreCel7A_CBM1	XP_025490257.1	71.875	32	8	1	6	37	515	545	1.85e-09	46.2
TreCel7A_CBM1	O59843.1	71.875	32	8	1	6	37	510	540	1.93e-09	46.2
TreCel7A_CBM1	ROT42574.1	68.750	32	9	1	6	37	496	526	2.00e-09	46.2
TreCel7A_CBM1	PQE26942.1	64.706	34	11	1	4	37	490	522	2.04e-09	46.2
TreCel7A_CBM1	KOS38349.1	61.765	34	13	0	4	37	495	528	2.06e-09	46.2
TreCel7A_CBM1	KDN38337.1	60.606	33	13	0	5	37	481	513	2.30e-09	46.2
TreCel7A_CBM1	ENH84238.1	54.054	37	17	0	1	37	497	533	2.39e-09	46.2
TreCel7A_CBM1	POS70602.1	58.824	34	14	0	4	37	504	537	2.44e-09	46.2
TreCel7A_CBM1	AAS82856.1	62.500	32	12	0	5	36	476	507	2.49e-09	45.8
TreCel7A_CBM1	XP_022487591.1	58.824	34	14	0	4	37	499	532	2.56e-09	45.8
TreCel7A_CBM1	PGH04215.1	60.606	33	13	0	5	37	480	512	2.59e-09	45.8
TreCel7A_CBM1	KUM59674.1	63.636	33	12	0	5	37	498	530	2.66e-09	45.8
TreCel7A_CBM1	ESZ95596.1	64.706	34	11	1	4	37	479	511	2.74e-09	45.8
TreCel7A_CBM1	KIO30842.1	60.000	35	14	0	3	37	493	527	2.94e-09	45.8
TreCel7A_CBM1	OJJ74416.1	65.625	32	11	0	6	37	505	536	3.15e-09	45.8
TreCel7A_CBM1	OQD87720.1	60.606	33	13	0	5	37	508	540	3.21e-09	45.8
TreCel7A_CBM1	XP_002562756.1	61.765	34	13	0	4	37	496	529	3.27e-09	45.8
TreCel7A_CBM1	KLO96165.1	60.606	33	13	0	4	36	481	513	3.30e-09	45.8
TreCel7A_CBM1	OJI85092.1	65.625	32	11	0	6	37	505	536	3.34e-09	45.8
TreCel7A_CBM1	KIN02410.1	58.824	34	14	0	4	37	488	521	3.34e-09	45.8
TreCel7A_CBM1	AAX60001.1	57.576	33	14	0	4	36	474	506	3.61e-09	45.4
TreCel7A_CBM1	ADO21450.1	65.625	32	11	0	6	37	484	515	3.68e-09	45.4
TreCel7A_CBM1	XP_025447227.1	68.750	32	9	1	6	37	510	540	3.83e-09	45.4
TreCel7A_CBM1	ACV95805.1	70.000	30	9	0	8	37	517	546	3.86e-09	45.4
TreCel7A_CBM1	ALO81606.1	70.000	30	9	0	8	37	508	537	3.86e-09	45.4
TreCel7A_CBM1	XP_025501606.1	68.750	32	9	1	6	37	524	554	3.90e-09	45.4
TreCel7A_CBM1	RAK78808.1	68.750	32	9	1	6	37	517	547	3.90e-09	45.4
TreCel7A_CBM1	PYI34595.1	68.750	32	9	1	6	37	510	540	4.93e-09	45.1
TreCel7A_CBM1	OOF95327.1	64.706	34	12	0	4	37	499	532	6.44e-09	44.7
TreCel7A_CBM1	CVK83627.1	57.576	33	14	0	4	36	481	513	7.76e-09	44.7
TreCel7A_CBM1	CCO33072.1	58.824	34	14	0	4	37	485	518	7.83e-09	44.7
TreCel7A_CBM1	XP_018743614.1	57.576	33	14	0	4	36	481	513	7.83e-09	44.7
TreCel7A_CBM1	PNP77274.1	57.576	33	14	0	4	36	481	513	7.99e-09	44.7
TreCel7A_CBM1	KLU85411.1	60.606	33	13	0	5	37	441	473	8.15e-09	44.7
TreCel7A_CBM1	EXM24103.1	57.576	33	14	0	4	36	481	513	8.31e-09	44.7
TreCel7A_CBM1	ENH60968.1	57.576	33	14	0	4	36	457	489	8.31e-09	44.7
TreCel7A_CBM1	P46238.1	57.576	33	14	0	4	36	481	513	8.39e-09	44.7
TreCel7A_CBM1	AGV05127.1	58.333	36	15	0	2	37	491	526	8.56e-09	44.7
TreCel7A_CBM1	PLN75717.1	55.882	34	15	0	4	37	493	526	8.81e-09	44.3
TreCel7A_CBM1	AAS82858.1	54.286	35	16	0	2	36	475	509	8.90e-09	44.3
TreCel7A_CBM1	XP_024667880.1	58.824	34	14	0	4	37	493	526	9.91e-09	44.3
TreCel7A_CBM1	PNP43187.1	67.742	31	10	0	2	32	435	465	1.06e-08	44.3
TreCel7A_CBM1	XP_024701747.1	57.576	33	14	0	5	37	494	526	1.07e-08	44.3
TreCel7A_CBM1	XP_001270378.1	57.576	33	14	0	5	37	427	459	1.09e-08	44.3
TreCel7A_CBM1	XP_025472194.1	65.625	32	11	0	6	37	501	532	1.19e-08	43.9
TreCel7A_CBM1	KIM21094.1	57.576	33	14	0	5	37	497	529	1.30e-08	43.9
TreCel7A_CBM1	AGV05131.1	55.556	36	16	0	2	37	495	530	1.33e-08	43.9
TreCel7A_CBM1	XP_009221781.1	58.333	36	15	0	2	37	563	598	1.36e-08	43.9
TreCel7A_CBM1	PPR06743.1	67.742	31	9	1	6	36	482	511	1.44e-08	43.9
TreCel7A_CBM1	pir||JC7979	65.625	32	11	0	6	37	497	528	1.45e-08	43.9
TreCel7A_CBM1	CAA38275.1	70.968	31	8	1	8	37	474	504	1.45e-08	43.9
TreCel7A_CBM1	OBS26631.1	54.286	35	16	0	2	36	476	510	1.62e-08	43.9
TreCel7A_CBM1	OQD62701.1	58.824	34	14	0	4	37	497	530	1.65e-08	43.5
TreCel7A_CBM1	RGP59830.1	54.286	35	16	0	2	36	477	511	1.77e-08	43.5
TreCel7A_CBM1	OQE90785.1	58.824	34	14	0	4	37	496	529	1.79e-08	43.5
TreCel7A_CBM1	XP_001903333.1	60.606	33	13	0	5	37	496	528	1.84e-08	43.5
TreCel7A_CBM1	VBB76653.1	60.606	33	13	0	5	37	501	533	1.89e-08	43.5
TreCel7A_CBM1	XP_014538681.1	58.824	34	14	0	4	37	503	536	1.99e-08	43.5
TreCel7A_CBM1	KZL85448.1	51.515	33	16	0	5	37	507	539	2.03e-08	43.5
TreCel7A_CBM1	CAA82761.1	74.074	27	7	0	5	31	478	504	2.05e-08	43.5
TreCel7A_CBM1	CUA77027.1	69.697	33	10	0	5	37	467	499	2.06e-08	43.5
TreCel7A_CBM1	OQD92068.1	58.824	34	14	0	4	37	497	530	2.13e-08	43.5
TreCel7A_CBM1	KIM25002.1	52.941	34	16	0	4	37	509	542	2.19e-08	43.5
TreCel7A_CBM1	XP_025579710.1	61.765	34	13	0	4	37	499	532	2.26e-08	43.1
TreCel7A_CBM1	KZL68682.1	48.485	33	17	0	5	37	505	537	2.28e-08	43.1
TreCel7A_CBM1	RFU77467.1	68.966	29	9	0	2	30	422	450	2.31e-08	43.1
TreCel7A_CBM1	PVI00561.1	65.625	32	10	1	6	37	493	523	2.62e-08	43.1
TreCel7A_CBM1	KEY67882.1	56.250	32	14	0	6	37	512	543	2.70e-08	43.1
TreCel7A_CBM1	KFA75877.1	56.250	32	14	0	6	37	504	535	2.70e-08	43.1
TreCel7A_CBM1	CDM37977.1	60.606	33	13	0	5	37	498	530	2.72e-08	43.1
TreCel7A_CBM1	XP_025587954.1	54.545	33	15	0	4	36	477	509	2.95e-08	43.1
TreCel7A_CBM1	OQE27742.1	63.636	33	12	0	5	37	498	530	3.03e-08	43.1
TreCel7A_CBM1	KIL95094.1	55.556	36	16	0	2	37	477	512	3.16e-08	42.7
TreCel7A_CBM1	AIL95870.1	52.941	34	16	0	4	37	508	541	3.35e-08	42.7
TreCel7A_CBM1	AXB50469.1	57.576	33	14	0	5	37	495	527	3.35e-08	42.7
TreCel7A_CBM1	OKP11858.1	52.941	34	16	0	4	37	505	538	3.41e-08	42.7
TreCel7A_CBM1	XP_007385833.1	76.471	34	8	0	4	37	462	495	3.45e-08	42.7
TreCel7A_CBM1	ELA27029.1	57.576	33	14	0	5	37	442	474	3.48e-08	42.7
TreCel7A_CBM1	KDN46927.1	60.606	33	13	0	5	37	474	506	3.59e-08	42.7
TreCel7A_CBM1	CEJ57951.1	55.882	34	15	0	4	37	516	549	3.65e-08	42.7
TreCel7A_CBM1	RMJ28090.1	59.375	32	13	0	5	36	492	523	3.77e-08	42.7
TreCel7A_CBM1	KFA62033.1	56.250	32	14	0	6	37	510	541	3.91e-08	42.7
TreCel7A_CBM1	OOQ88648.1	55.882	34	15	0	4	37	516	549	3.99e-08	42.7
TreCel7A_CBM1	XP_026601070.1	54.545	33	15	0	5	37	495	527	4.36e-08	42.4
TreCel7A_CBM1	OQE45081.1	54.545	33	15	0	5	37	506	538	4.58e-08	42.4
TreCel7A_CBM1	EUC58409.1	52.778	36	17	0	2	37	505	540	4.76e-08	42.4
TreCel7A_CBM1	KEP46235.1	52.778	36	17	0	2	37	473	508	5.11e-08	42.4
TreCel7A_CBM1	P15828.2	54.545	33	15	0	5	37	493	525	5.36e-08	42.4
TreCel7A_CBM1	XP_013944369.1	68.966	29	9	0	2	30	426	454	6.34e-08	42.0
TreCel7A_CBM1	RFN53142.1	51.429	35	17	0	2	36	475	509	7.13e-08	42.0
TreCel7A_CBM1	KIY68497.1	54.286	35	15	1	4	37	492	526	7.41e-08	42.0
TreCel7A_CBM1	KPM43848.1	57.576	33	14	0	5	37	473	505	7.56e-08	42.0
TreCel7A_CBM1	GAQ36206.1	59.375	32	13	0	6	37	505	536	7.75e-08	42.0
TreCel7A_CBM1	GAQ36206.1	61.538	26	10	0	5	30	882	907	3.96e-06	37.0
TreCel7A_CBM1	KIM22435.1	51.515	33	16	0	5	37	494	526	8.18e-08	41.6
TreCel7A_CBM1	P38676.1	52.941	34	16	0	4	37	483	516	8.76e-08	41.6
TreCel7A_CBM1	KDN38341.1	52.778	36	17	0	2	37	410	445	9.21e-08	41.6
TreCel7A_CBM1	KKK24942.1	54.545	33	15	0	5	37	518	550	1.03e-07	41.6
TreCel7A_CBM1	Q06886.1	54.545	33	15	0	5	37	505	537	1.08e-07	41.2
TreCel7A_CBM1	RBR08204.1	51.429	35	17	0	2	36	474	508	1.08e-07	41.2
TreCel7A_CBM1	KPM40511.1	56.250	32	14	0	6	37	542	573	1.12e-07	41.2
TreCel7A_CBM1	XP_018030994.1	59.375	32	12	1	6	37	488	518	1.31e-07	41.2
TreCel7A_CBM1	OQE24240.1	57.576	33	14	0	5	37	497	529	1.49e-07	40.8
TreCel7A_CBM1	AAS82857.1	54.286	35	16	0	2	36	478	512	1.61e-07	40.8
TreCel7A_CBM1	PNP60528.1	62.069	29	11	0	2	30	437	465	1.74e-07	40.8
TreCel7A_CBM1	KGO74898.1	57.576	33	14	0	5	37	503	535	1.83e-07	40.8
TreCel7A_CBM1	PKK52653.1	62.069	29	11	0	2	30	436	464	1.83e-07	40.8
TreCel7A_CBM1	OTA02599.1	73.077	26	7	0	5	30	427	452	1.98e-07	40.8
TreCel7A_CBM1	GAW21670.1	60.714	28	11	0	3	30	433	460	2.19e-07	40.4
TreCel7A_CBM1	KKK12991.1	51.515	33	16	0	5	37	507	539	2.46e-07	40.4
TreCel7A_CBM1	XP_001596118.1	62.500	32	11	1	5	36	473	503	3.05e-07	40.0
TreCel7A_CBM1	KDQ29416.1	60.000	30	12	0	2	31	484	513	3.11e-07	40.0
TreCel7A_CBM1	APA08612.1	62.500	32	11	1	5	36	487	517	3.17e-07	40.0
TreCel7A_CBM1	RMJ11822.1	53.125	32	15	0	6	37	607	638	3.53e-07	40.0
TreCel7A_CBM1	XP_003041991.1	53.125	32	15	0	6	37	485	516	3.71e-07	40.0
TreCel7A_CBM1	PSR70566.1	62.069	29	11	0	2	30	476	504	4.18e-07	39.7
TreCel7A_CBM1	XP_016597479.1	54.545	33	15	0	5	37	506	538	5.04e-07	39.7
TreCel7A_CBM1	OLP86078.1	51.613	31	15	0	6	36	524	554	7.38e-07	38.9
TreCel7A_CBM1	OLN87954.1	52.941	34	15	1	5	37	509	542	7.46e-07	38.9
TreCel7A_CBM1	XP_024761505.1	75.000	36	9	0	2	37	432	467	8.74e-07	38.9
TreCel7A_CBM1	XP_007673008.1	45.098	51	10	1	5	37	541	591	1.14e-06	38.5
TreCel7A_CBM1	OLQ08924.1	54.839	31	14	0	6	36	679	709	1.50e-06	38.1
TreCel7A_CBM1	RFU25898.1	44.444	36	20	0	2	37	497	532	3.60e-06	37.0
TreCel7A_CBM1	OWP06600.1	48.571	35	17	1	4	37	523	557	1.28e-05	35.4
TreCel7A_CBM1	CCF42634.1	48.387	31	16	0	7	37	506	536	3.12e-05	34.3
TreCel7A_CBM1	CDF76458.1	50.000	30	15	0	1	30	330	359	3.96e-05	34.3
TreCel7A_CBM1	OBZ75906.1	65.625	32	11	0	5	36	434	465	5.42e-05	33.9
TreCel7A_CBM1	PVH79537.1	52.941	34	15	1	5	37	497	530	6.60e-05	33.5
TreCel7A_CBM1	RDW57293.1	65.625	32	11	0	6	37	569	600	1.57e-04	32.3
TreCel7A_CBM1	RDW63401.1	62.857	35	13	0	3	37	585	619	1.65e-04	32.3
TreCel7A_CBM1	OQO14828.1	67.647	34	11	0	4	37	518	551	1.97e-04	32.3
TreCel7A_CBM1	CZT43176.1	47.059	34	17	1	5	37	506	539	2.71e-04	32.0
TreCel7A_CBM1	KIO32106.1	92.857	14	1	0	2	15	494	507	2.90e-04	31.6
TreCel7A_CBM1	KNZ77904.1	66.667	36	12	0	2	37	480	515	3.91e-04	31.2
TreCel7A_CBM1	OBT48364.1	55.556	36	16	0	2	37	491	526	4.19e-04	31.2
TreCel7A_CBM1	EPS35170.1	63.158	19	7	0	4	22	542	560	4.44e-04	31.2
TreCel7A_CBM1	KDN65609.1	63.636	33	12	0	5	37	494	526	6.66e-04	30.8
TreCel7A_CBM1	XP_007391663.1	75.000	16	4	0	4	19	346	361	0.001	30.4
# BLAST processed 1 queries
